221279919
509797583
995410595
2065183926
978582276
402314647
1425063144
1873814177
1968862327
1114888486
17430194
2072423469
870966177
464994423
1040852908
1009692987
760904692
338584556
185860583
1733027846
1049942645
1376336440
1729819626
1807962907
2102814263
1089509598
1566970829
378138745
1670828905
214236304
744214845
1892108824
724033887
1739625440
1809809102
1702616164
2141940087
1087388598
1428946693
1963318766
54793436
1446376887
1888258587
925759613
1911371311
781627848
1935452600
524792355
1120212404
2121313184
110336553
22671401
1350165976
1840156179
1830634309
1305496592
782182129
1250121490
1683635337
305527386
1464357794
280366534
50152562
40908033
2019991975
1859961665
1743524197
2014448414
799866615
1024987242
1830283533
854660052
323880482
1571058472
1780419665
87768145
205202672
1568388618
612560500
1325415076
1542218154
722897053
1348086478
744900482
415569585
1031237139
2050397074
1197751714
133874981
1586548764
1503279101
1598232775
1866915298
1553431663
1639140808
1739423625
1265909680
1235181358
1606388392
2065776296
112684952
1289188277
772952700
436565434
712763101
405888717
524333579
917965774
1974277335
1136894079
95897202
1369011841
1859791133
1443983680
2113912324
127877070
327737171
2016825750
1325628784
461612152
1455890866
681424237
2059844927
1175322517
87372253
1551502088
767262494
1353281933
639199798
226167238
1271574581
751884750
1515355515
2044527281
1188450185
80634969
302932351
1712783764
998600743
129726038
702194196
1094497945
1498737880
414501681
390997978
1465166556
542378751
718735149
1334508658
1868007535
1180347302
642915877
401948125
1092708581
1818238394
489320378
496727021
438017240
1842602311
1135926819
664184479
966693245
1887811570
32056346
863736878
928778107
112691315
1166669229
494078223
1111292058
1296395268
1196272419
58306356
647649500
1610774100
449304334
2112816056
5669203
1168039483
1299841066
1873676739
200903137
1942756943
128141216
1293611719
1613511689
617461594
1790338740
2051528930
312580257
778781912
568229761
1279273502
519109834
600286107
2143010381
1447887941
712977423
1162195962
1941966164
1824269481
311107582
990754936
1882575837
958757082
454045388
184396523
924089490
459714592
1352436007
76446909
185907683
1553339144
2019203852
314048899
699467215
1485231894
931510493
342322308
1389277176
1244090750
1121104220
1957506937
375880605
1640214054
410309396
371407338
940618347
1123286819
1533603300
735100863
800072653
1844710883
1725855799
535164842
655984317
32417540
719561366
1580073808
492132132
2071997373
1656520717
678039815
1477852869
1528240921
992088714
29836437
865989167
1923599207
372158745
107782695
1020206309
1493262965
2065289632
1396086914
985993371
328115381
1767494252
1926611718
1451402200
1153613905
514228933
103991205
850841140
92601085
639156048
1506825457
125018625
1358717414
939415617
617150757
1283231139
448452686
1295190572
613600360
1976693608
139795638
643436797
695199127
2063394845
1015595542
802981823
936117506
361374859
720787807
184720773
1347368230
1048903188
1952215025
1126496300
352821741
958345282
1640725234
456812946
1809186422
1733326319
1095968994
1168528232
1858344944
307202760
2107943849
328012053
1590433899
408912888
1623202625
56550612
238122848
1762998263
699987409
933321975
1678909460
1715582952
1736303798
467543318
2076957811
309607958
652264091
1276842394
1358511146
456995469
255855046
1711332887
1415340751
1896580280
20662186
1077043526
1482422951
1116631180
98088110
1193284247
1423833941
58548311
1521296300
866784192
467461199
997015277
923334804
705584047
612529892
1623322214
1638906023
143955704
1191421518
1227726173
611499023
1120895681
1537334131
1263763114
250254427
748361630
1720758583
506109474
312210869
988615687
255206106
332873055
2065659213
1737629058
1449504236
16263675
783429657
725854529
74811986
157242310
1592638721
542273186
1154257587
368489878
1247857233
1766787480
1991812092
739279608
1910743184
1035749962
1967005782
374758559
9161995
1356856265
1638521674
259416423
2105217895
1211796609
765525897
269945117
52928648
1020732003
602818172
2118587861
610877413
2052322408
2134851536
1394307071
630693289
62179875
1551549381
75848363
604453061
558323320
444338241
1852310294
177627152
288666685
444106255
2088370337
1324416647
263628389
315645248
1333578642
1620484654
1954166922
1592995065
1578218902
1018479884
211037314
1848164019
1071408532
1231769318
303498543
1042512746
1842646731
208337304
1029880634
1089470154
839030593
1092060509
493535887
914878956
1696513570
1051859208
1359217197
1401340217
1229486360
1647883882
1845446472
1170373049
824816881
2109074861
1486018298
10911876
1582075867
1292701572
1603906941
1012811121
163697808
1814944256
713491492
1235106341
899229926
1016990036
130135439
594393009
1225327340
1160016073
1683863164
2064357933
104592935
29915403
831753242
1801106505
1081774611
43486791
1054963074
163777324
1691370674
752925898
1334150373
368703907
714517111
672685023
379615783
149109331
1965386596
1983522725
1161920452
2129084404
1650983333
1875411945
1216707097
402729611
744918333
1346842536
997122620
1970245673
359374962
533502136
1887119958
463967897
563417540
571389552
117590754
1645192151
614876344
1172553829
1808969475
158763370
1925479727
995636201
527467277
492513191
1668321224
